Scene: Untitled
Entities:
  - Entity: 8601749735297645532
    TagComponent:
      Tag: Circle Entity
    TransformComponent:
      Translation: [3.46596241, 0.414407551, 0]
      Rotation: [0, 0, 0]
      Scale: [1, 1, 1]
    CircleRenderComponent:
      Color: [0.613899589, 0.215694472, 0.215694472, 1]
      Thickness: 1
      Fade: 0.00499999989
    RigidBody2DComponent:
      BodyType: 1
      FixedRotation: false
    CircleCollider2DComponent:
      Offset: [0, 0]
      Radius: 0.5
      Density: 0.879999995
      Friction: 0.100000001
      Restitution: 0.819999993
      RestitutionThreshold: 0.5
  - Entity: 11357024064893281421
    TagComponent:
      Tag: Dynamic
    TransformComponent:
      Translation: [-0.0329514667, 1.97025907, 0]
      Rotation: [0, 0, 1.06890845]
      Scale: [0.999998093, 0.999998093, 1]
    SpriteRenderComponent:
      Color: [0.615686297, 0.215686277, 0.215686277, 1]
    RigidBody2DComponent:
      BodyType: 1
      FixedRotation: false
    BoxCollider2DComponent:
      Offset: [0, 0]
      Size: [0.5, 0.5]
      Density: 0.879999995
      Friction: 0.100000001
      Restitution: 0.819999993
      RestitutionThreshold: 0.5
  - Entity: 15127130841796343197
    TagComponent:
      Tag: Camera
    TransformComponent:
      Translation: [0, 0, 0]
      Rotation: [0, 0, 0]
      Scale: [1, 1, 1]
    CameraComponent:
      Ortho Camera:
        ProjectionType: 1
        OrthographicSize: 10
        OrthographicNear: -1
        OrthographicFar: 1
        AspectRatio: 1.699422
      Perspective Camera:
        ProjectionType: 0
        PerspectiveFOV: 45
        PerspectiveNear: 0.100000001
        PerspectiveFar: 1000
        AspectRatio: 1.699422
      Primary: true
      FixedAspectRatio: false
  - Entity: 17240279419847120887
    TagComponent:
      Tag: Floor
    TransformComponent:
      Translation: [2.3499999, -1.85000002, 0]
      Rotation: [0, 0, 0.6037094]
      Scale: [6.73999977, 0.460000008, 1]
    SpriteRenderComponent:
      Color: [0.329411775, 0.141176477, 0.796078444, 1]
    RigidBody2DComponent:
      BodyType: 0
      FixedRotation: false
    BoxCollider2DComponent:
      Offset: [0, 0]
      Size: [0.5, 0.5]
      Density: 1
      Friction: 0.5
      Restitution: 0
      RestitutionThreshold: 0.5
  - Entity: 6358530233907356829
    TagComponent:
      Tag: Floor
    TransformComponent:
      Translation: [-0.879999995, -1.09000003, 0]
      Rotation: [0, 0, -0.63896507]
      Scale: [6.73999977, 0.460000008, 0.999996662]
    SpriteRenderComponent:
      Color: [0.329411775, 0.141176477, 0.796078444, 1]
    RigidBody2DComponent:
      BodyType: 0
      FixedRotation: false
    BoxCollider2DComponent:
      Offset: [0, 0]
      Size: [0.5, 0.5]
      Density: 1
      Friction: 0.5
      Restitution: 0
      RestitutionThreshold: 0.5
  - Entity: 7539505326503967952
    TagComponent:
      Tag: Circle Entity
    TransformComponent:
      Translation: [1.59177315, -0.316525131, 0]
      Rotation: [0, 0, 0]
      Scale: [1, 1, 1]
    CircleRenderComponent:
      Color: [0.328084171, 0.14126204, 0.795366764, 1]
      Thickness: 1
      Fade: 0.00499999989
    RigidBody2DComponent:
      BodyType: 0
      FixedRotation: false
    CircleCollider2DComponent:
      Offset: [0, 0]
      Radius: 0.5
      Density: 1
      Friction: 0.5
      Restitution: 0
      RestitutionThreshold: 0.5