Scene: Untitled
Entities:
  - Entity: 11357024064893281421
    TagComponent:
      Tag: Dynamic
    TransformComponent:
      Translation: [-0.0329514667, 1.97025907, -0.0517911911]
      Rotation: [0, 0, 1.06890845]
      Scale: [0.999998093, 0.999998093, 1]
    SpriteRenderComponent:
      Color: [1, 1, 1, 1]
    RigidBody2DComponent:
      BodyType: 1
      FixedRotation: false
    BoxCollider2DComponent:
      Offset: [0, 0]
      Size: [0.5, 0.5]
      Density: 0.879999995
      Friction: 0.100000001
      Restitution: 0.819999993
      RestitutionThreshold: 0.5
  - Entity: 15127130841796343197
    TagComponent:
      Tag: Camera
    TransformComponent:
      Translation: [0, 0, 0]
      Rotation: [0, 0, 0]
      Scale: [1, 1, 1]
    CameraComponent:
      Ortho Camera:
        ProjectionType: 1
        OrthographicSize: 10
        OrthographicNear: -1
        OrthographicFar: 1
        AspectRatio: 1.68975472
      Perspective Camera:
        ProjectionType: 0
        PerspectiveFOV: 45
        PerspectiveNear: 0.100000001
        PerspectiveFar: 1000
        AspectRatio: 1.68975472
      Primary: true
      FixedAspectRatio: false
  - Entity: 17240279419847120887
    TagComponent:
      Tag: Static
    TransformComponent:
      Translation: [3.78621936, -4.36857557, 0.0513970889]
      Rotation: [-0.00107348885, 0.00495524099, 0.325076789]
      Scale: [22.3281288, 0.8557657, 1.1729908]
    SpriteRenderComponent:
      Color: [0, 1, 0, 1]
    RigidBody2DComponent:
      BodyType: 0
      FixedRotation: false
    BoxCollider2DComponent:
      Offset: [0, 0]
      Size: [0.5, 0.5]
      Density: 1
      Friction: 0.5
      Restitution: 0
      RestitutionThreshold: 0.5
  - Entity: 6358530233907356829
    TagComponent:
      Tag: Static
    TransformComponent:
      Translation: [-1.91597176, -0.609503746, 0.0513970889]
      Rotation: [-0.00136313611, 0.00488306815, -0.445670664]
      Scale: [6.29508114, 1.2600013, 0.999996662]
    SpriteRenderComponent:
      Color: [0, 1, 0, 1]
    RigidBody2DComponent:
      BodyType: 0
      FixedRotation: false
    BoxCollider2DComponent:
      Offset: [0, 0]
      Size: [0.5, 0.5]
      Density: 1
      Friction: 0.5
      Restitution: 0
      RestitutionThreshold: 0.5
  - Entity: 8531323525031096279
    TagComponent:
      Tag: Static
    TransformComponent:
      Translation: [-10.3532, -8.72497082, 0.0851166695]
      Rotation: [-0.00295387371, 0.00412100414, -0.456176817]
      Scale: [22.3281384, 0.85576421, 1.1729908]
    SpriteRenderComponent:
      Color: [0, 1, 0, 1]
    RigidBody2DComponent:
      BodyType: 0
      FixedRotation: false
    BoxCollider2DComponent:
      Offset: [0, 0]
      Size: [0.5, 0.5]
      Density: 1
      Friction: 0.5
      Restitution: 0
      RestitutionThreshold: 0.5